29
   c    +0.158678792853364    -4.709309582617847    -1.297598978497776
   c    -0.032892885748683    -2.152698363320055    -0.664418717810102
   c    -0.074756007420850    -1.327945175059652    +1.703832718040016
   c    -0.261180098857924    -3.134518305925270    +3.795777153092679
   c    +0.043109491349914    -5.703308517476484    +3.143261654263179
   c    +0.218664297715306    -6.504070943946395    +0.670672503502125
   c    +0.010950832535492    +4.685283865579032    -1.349791382955939
   c    +0.013747157406682    +6.393391821631104    +0.684976249479690
   c    +0.171121514587244    +5.635103817912925    +3.140105874958325
   c    -0.111626923775340    +3.072148989391246    +3.766685964210863
   c    +0.028309340152283    +1.500437361431420    +1.774807807371573
   c    +0.004581341018411    +2.265590195857587    -0.722411576696167
   c    +0.013159554410465    +0.164551358483223    -2.631036237739230
   c    -2.472370932752540    +0.060798549711667    -4.313998685695273
   c    +2.208126657292683    -0.209059833076375    -4.273518847452838
   h    +0.288388962543392    -5.402320662778743    -3.030113233457822
   h    -0.552971792818317    -2.895646785197538    +5.536741409085828
   h    -0.242374930267453    -6.911969895283241    +4.484893966849004
   h    +0.870643256150143    -8.274761041819501    +0.142038820975462
   h    +0.112605702277624    +5.360865480289125    -3.180180775662127
   h    +0.876801773165904    +8.425963306353527    +0.223454923027579
   h    -0.227367636940002    +7.083170952779646    +4.527893875260776
   h    -0.145921737936191    +2.358198271078143    +5.446479638223356
   h    -2.428008550700492    -1.477023565670382    -5.980117784936041
   h    -3.938982197484669    -0.256348167129617    -2.779357926728342
   h    -2.563106687055028    +1.651089472471913    -5.147251912180389
   h    +2.626890829532941    +1.620628081071466    -5.843454469342041
   h    +4.026406395025241    +0.129820740720398    -3.135129741419420
   h    +2.272719029776586    -1.838958538070113    -5.776496623781653
   -0.000028791363397    -0.000098946907860   +0.000526333659911
   -0.000244963861729    -0.000192898887355   +0.000198408249388
   -0.000015314685032    -0.000431064691904   +0.000004608738870
   -0.000163872168336    +0.000421375913473   +0.000282967749449
   +0.000104355709539    -0.000014472025050   -0.000307352724298
   +0.000292688377796    -0.000056155777782   +0.000006384200282
   +0.000178478914970    +0.000113717053857   -0.000357138376076
   -0.000102657784515    +0.000061840698853   -0.000033968020033
   +0.000223606133386    +0.000137487898071   +0.000074691556107
   -0.000049476707815    -0.000513544079071   -0.000262390076411
   -0.000205525893860    +0.000411437400338   +0.000519571975812
   +0.000079379170473    +0.000076805468820   +0.000474980267772
   -0.000041833155883    +0.000288446029792   -0.000410796355742
   +0.000175674564805    +0.000075876969485   -0.000165453277975
   -0.000171448467631    +0.000027457536159   -0.000242805883713
   +0.000000745083971    -0.000000731913343   +0.000000983207309
   +0.000000114535927    -0.000002070503909   -0.000003476502293
   -0.000000233079799    +0.000001668694117   -0.000000907885424
   -0.000002079885894    +0.000001345989951   -0.000000893839890
   -0.000001742535212    -0.000000005090727   -0.000001081203561
   -0.000000340005777    -0.000003278420218   +0.000000749546077
   -0.000000623871840    -0.000000455278917   -0.000000825875398
   +0.000001174103628    -0.000000995603905   -0.000002840980892
   -0.000000243847780    +0.000000382756119   +0.000000709732685
   +0.000000917908794    -0.000000261008989   +0.000001111338660
   +0.000000283497178    +0.000000304370353   +0.000000595692004
   -0.000000130130629    -0.000000235141721   +0.000000601868886
   +0.000001140541147    +0.000000178770647   +0.000000627148931
   +0.000000655885346    +0.000000491133607   +0.000000976674461
