53
   c    +2.354501903387763    -0.000000000000000    -4.304288448349374
   h    +2.376124601683320    +1.717439575713883    -5.531645201171527
   h    +2.376124601683320    -1.717439575713883    -5.531645201171527
   h    +4.092215290986555    +0.000000000000000    -3.110226191904936
   c    +0.000000000000000    -0.298653948168312    -2.692895941829024
   c    +0.000000000000000    +1.571277681020631    -0.513565224233074
   c    +0.000000000000000    +4.181708993111291    -0.577849841324102
   c    +0.000000000000000    +5.513536898262911    +1.714166494372754
   c    +0.000000000000000    +4.239619079174611    +4.015636289045704
   c    +0.000000000000000    +1.593037462877808    +4.100537678683868
   c    +0.000000000000000    +0.263243843881561    +1.845688990047057
   c    +0.000000000000000    -2.449714104391699    +1.342871954974676
   c    +0.000000000000000    -4.499248899449155    +2.971399142840776
   c    +0.000000000000000    -6.939619756633003    +1.943686840155604
   c    +0.000000000000000    -7.304151486242454    -0.661451629041493
   c    +0.000000000000000    -5.239397827982115    -2.323948781743518
   c    +0.000000000000000    -2.825387796713082    -1.328439004759689
   h    +0.000000000000000    -5.545479228696905    -4.377694710216367
   h    +0.000000000000000    -9.232635717572025    -1.435494411087197
   h    +0.000000000000000    -8.580928017501231    +3.218112438913743
   h    +0.000000000000000    -4.221754117801913    +5.030252028951161
   h    +0.000000000000000    +0.596146879066027    +5.923197198285351
   h    +0.000000000000000    +5.315199056694357    +5.793607359092388
   h    +0.000000000000000    +7.591324154102758    +1.682642243495466
   h    +0.000000000000000    +5.203457315007290    -2.385497077176562
   c    -2.354501903387763    +0.000000000000000    -4.304288448349374
   h    -2.376124601683320    -1.465012888448351    -5.824071502474744
   h    -2.376124601683320    +1.912348894082113    -5.198114495312284
   c    -4.724314971447308    +0.298653948168312    -2.692895941829024
   c    -4.724314971447308    +2.825387796713082    -1.328439004759689
   c    -4.724314971447308    +5.239397827982115    -2.323948781743518
   c    -4.724314971447308    +7.304151486242454    -0.661451629041493
   c    -4.724314971447308    +6.939619756633003    +1.943686840155604
   c    -4.724314971447308    +4.499248899449155    +2.971399142840776
   c    -4.724314971447308    +2.449714104391699    +1.342871954974676
   c    -4.724314971447308    -0.263243843881561    +1.845688990047057
   c    -4.724314971447308    -1.593037462877808    +4.100537678683868
   c    -4.724314971447308    -4.239619079174611    +4.015636289045704
   c    -4.724314971447308    -5.513536898262911    +1.714166494372754
   c    -4.724314971447308    -4.181708993111291    -0.577849841324102
   c    -4.724314971447308    -1.571277681020631    -0.513565224233074
   h    -4.724314971447308    -5.203457315007290    -2.385497077176562
   h    -4.724314971447308    -7.591324154102758    +1.682642243495466
   h    -4.724314971447308    -5.315199056694357    +5.793607359092388
   h    -4.724314971447308    -0.596146879066027    +5.923197198285351
   h    -4.724314971447308    +4.221754117801913    +5.030252028951161
   h    -4.724314971447308    +8.580928017501231    +3.218112438913743
   h    -4.724314971447308    +9.232635717572025    -1.435494411087197
   h    -4.724314971447308    +5.545479228696905    -4.377694710216367
   c    -7.078816874835071    +0.000000000000000    -4.304288448349374
   h    -7.100439573130629    -1.912348894082113    -5.198114495312284
   h    -7.100439573130629    +1.465012888448351    -5.824071502474744
   h    -8.816530262433863    +0.000000000000000    -3.110226191904936
   +0.000067136260417    +0.000026035340103   +0.000024971157509
   +0.001672013691861    +0.001260016759671   +0.001291018440830
   +0.001149399543751    +0.000475292082503   +0.001338592543737
   +0.000759899116916    +0.001711371611107   +0.000211298129920
   +0.000065867147078    +0.000110535854590   +0.000107115300568
   +0.000092698031571    +0.000039592017293   +0.000009260428896
   +0.000029998421127    +0.000025046384120   +0.000116578119685
   +0.000122833633464    +0.000014997635361   +0.000116762510972
   +0.000047752050877    +0.000043857997589   +0.000009109951156
   +0.000061883209815    +0.000014436634046   +0.000120497466673
   +0.000097727882373    +0.000108652825915   +0.000083974322741
   +0.000141761524821    +0.000137247084657   +0.000013843524907
   +0.000072493509373    +0.000119201198159   +0.000101921228057
   +0.000073590222648    +0.000058216139629   +0.000115768047833
   +0.000005087479440    +0.000142573706661   +0.000125403922721
   +0.000040367677695    +0.000118429819611   +0.000049226957089
   +0.000085963328947    +0.000102774246849   +0.000133698171506
   +0.000097090671370    +0.000608949781184   +0.000675373993271
   +0.001749597827937    +0.000534840552176   +0.001143704471183
   +0.000127120561840    +0.000570290898556   +0.001023822455585
   +0.001141822604637    +0.001473025120273   +0.000152926720891
   +0.000841638773172    +0.001028950146858   +0.001191697277225
   +0.000878395171119    +0.000931792565996   +0.000316901240431
   +0.001274000990539    +0.000197913774723   +0.000092094808866
   +0.001004406620499    +0.000642013406560   +0.000831964311582
   +0.000111579708699    +0.000144633781438   +0.000015195164465
   +0.001066286317345    +0.001322099037550   +0.000497252589307
   +0.001230358740408    +0.000127070347710   +0.000075844753433
   +0.000093304958762    +0.000116177064172   +0.000085319806102
   +0.000119084837904    +0.000035456718920   +0.000003111320792
   +0.000081547129716    +0.000081192141387   +0.000106945018613
   +0.000022486190186    +0.000054656201311   +0.000020483585203
   +0.000116289188177    +0.000019141503422   +0.000095693453681
   +0.000004653143224    +0.000040341837090   +0.000141686073718
   +0.000039625684252    +0.000128019631232   +0.000083655018905
   +0.000049656805274    +0.000090167083526   +0.000107417092359
   +0.000148936281099    +0.000022914115786   +0.000132070197340
   +0.000016644809028    +0.000053628438802   +0.000078337683470
   +0.000121805402611    +0.000010249190698   +0.000032774499264
   +0.000126785752656    +0.000031025470634   +0.000017749940370
   +0.000089243316771    +0.000055501826164   +0.000086850262587
   +0.001066216922066    +0.000377617177636   +0.000978081384523
   +0.001052341101505    +0.001175886215751   +0.001533835067058
   +0.000671096584220    +0.000219395371137   +0.000785568404005
   +0.000580076159484    +0.000595951271197   +0.001585730942966
   +0.001224581275288    +0.000960705851816   +0.000458357248690
   +0.001584174970325    +0.000821224591207   +0.000618752688452
   +0.000141731207276    +0.000459773751198   +0.001586226370846
   +0.001540981723741    +0.000236866456028   +0.001406910953905
   +0.000017172150114    +0.000009291242105   +0.000090404390230
   +0.001477783040968    +0.000818860164241   +0.001074969864650
   +0.001422753559446    +0.000272460497463   +0.001092223507219
   +0.001038768320211    +0.000254022185145   +0.001307835648154
