12
   c    +2.517417372945299    -0.000000000000000    -0.000000000000000
   h    +3.466267689070662    +1.619627453031338    -0.000000000000000
   h    +3.466267689070662    -1.619627453031338    +0.000000000000000
   c    -0.004081808135330    +0.000000000000000    +0.000000000000000
   h    -0.952932124260694    +1.619627453031338    +0.000000000000000
   h    -0.952932124260694    -1.619627453031338    -0.000000000000000
   c    +2.517417372945299    -0.000000000000000    +5.669177965736770
   h    +3.466267689070662    +1.619627453031338    +5.669177965736770
   h    +3.466267689070662    -1.619627453031338    +5.669177965736770
   c    -0.004081808135330    +0.000000000000000    +5.669177965736770
   h    -0.952932124260694    +1.619627453031338    +5.669177965736770
   h    -0.952932124260694    -1.619627453031338    +5.669177965736770
   +0.000083608367917    +0.000039454148729   +0.000058372766643
   +0.000062623629369    +0.000458670264816   +0.001141370249388
   +0.000716740858141    +0.000750561444957   +0.000841409728416
   +0.000114005230992    +0.000003853927799   +0.000064193051111
   +0.000953213037684    +0.000133472629793   +0.001196642449515
   +0.000620056098632    +0.001102587863092   +0.000995939352081
   +0.000010256979680    +0.000008850895423   +0.000026331787236
   +0.000787468714245    +0.000245484522496   +0.000132365269237
   +0.001106567532985    +0.000710515577171   +0.001065577985669
   +0.000093713675837    +0.000003540650445   +0.000106999762056
   +0.000602801369443    +0.000319041311462   +0.000415644403705
   +0.000927946909256    +0.001252721186397   +0.000174092636451
