# ELECTRONIC ENERGY / HARTREE
-6.5703843
-6.5708724
-6.5707074
-6.5709230
-6.5706887
-6.5704902
-6.5703862
-6.5707276
-6.5707484
-6.5710126
-6.5699406
-6.5707534
-6.5708074
-6.5700787
-6.5712629
-6.5713443
-6.5687030
-6.5706185
-6.5703257
-6.5708543
-6.5704376
-6.5702277
-6.5697078
-6.5689408
-6.5679634
-6.5680840
-6.5664838
-6.5671273
-6.5682513
-6.5690278
-6.5670690
-6.5689571
-6.5645431
-6.5659570
-6.5680463
-6.5689017
-6.5650993
-6.5651474
-6.5667099
-6.5654643
-6.5648128
-6.5665259
-6.5629672
-6.5602588
-6.5656686
-6.5640688
-6.5606649
-6.5592394
-6.5637299
-6.5646126
-6.5646648
