# ELECTRONIC ENERGY / HARTREE
-0.8445280
-0.8465855
-0.8490091
-0.8513494
-0.8531703
-0.8540522
-0.8536852
-0.8518355
-0.8483315
-0.8431018
-0.8361701
-0.8276128
-0.8175740
-0.8062529
-0.7938861
-0.7807267
-0.7670275
-0.7530451
-0.7390210
-0.7251778
-0.7116996
-0.6987316
-0.6864011
-0.6747927
-0.6639671
-0.6539593
-0.6447761
-0.6364062
-0.6288201
-0.6219811
-0.6158386
-0.6103427
-0.6054347
-0.6010580
-0.5971566
-0.5936753
-0.5905639
-0.5877745
-0.5852633
-0.5829916
-0.5809244
-0.5790314
-0.5772861
-0.5756647
-0.5741480
-0.5727193
-0.5713647
-0.5700723
-0.5688328
-0.5676382
-0.5664822
-0.5653594
-0.5642659
-0.5631984
-0.5621541
-0.5611312
-0.5601280
-0.5591432
-0.5581760
-0.5572256
-0.5562913
-0.5553729
-0.5544698
-0.5535818
-0.5527087
-0.5518503
-0.5510063
-0.5501767
-0.5493611
-0.5485596
-0.5477719
-0.5469979
-0.5462373
-0.5454900
-0.5447559
-0.5440348
-0.5433264
-0.5426306
-0.5419472
-0.5412759
-0.5406166
-0.5399691
-0.5393332
-0.5387086
-0.5380952
-0.5374927
-0.5369009
-0.5363197
-0.5357487
-0.5351878
-0.5346369
-0.5340956
-0.5335638
-0.5330413
-0.5325278
-0.5320233
-0.5315274
-0.5310401
-0.5305611
-0.5300902
