# TOTAL ENERGY / HARTREE     LC-PBEPBE/6-311+G*
-79.5421380
-79.5417478
-79.5417296
-79.5417568
-79.5417271
-79.5417088
-79.5404826
-79.5404584
-79.5405027
-79.5405367
-79.5404952
-79.5382638
-79.5384555
-79.5381486
-79.5386927
-79.5387837
-79.5357460
-79.5357601
-79.5351728
-79.5356865
-79.5356647
-79.5318460
-79.5320015
-79.5319174
-79.5302975
-79.5319219
-79.5268568
-79.5247313
-79.5265094
-79.5249077
-79.5270131
-79.5205714
-79.5212618
-79.5199614
-79.5204405
-79.5198845
-79.5159793
-79.5160407
-79.5106613
-79.5157945
-79.5093768
-79.5004744
-79.5100389
-79.5101708
-79.5101324
-79.5096675
-79.5028369
-79.5040133
-79.4884461
-79.5090332
-79.5105977
