# TOTAL ENERGY / HARTREE     LC-PBEPBE/6-311+G*
-1.1389167
-1.1505260
-1.1570537
-1.1597579
-1.1595705
-1.1571893
-1.1531423
-1.1478326
-1.1415709
-1.1345988
-1.1271053
-1.1192398
-1.1111210
-1.1028439
-1.0944851
-1.0861063
-1.0777576
-1.0694792
-1.0613033
-1.0532557
-1.0453561
-1.0376200
-1.0300586
-1.0226797
-1.0154886
-1.0084881
-1.0016792
-0.9950617
-0.9886339
-0.9823934
-0.9763374
-0.9704621
-0.9647640
-0.9592389
-0.9538828
-0.9486915
-0.9436608
-0.9387864
-0.9340643
-0.9294904
-0.9250606
-0.9207710
-0.9166177
-0.9125967
-0.9087044
-0.9049373
-0.9012917
-0.8977643
-0.8943517
-0.8910506
-0.8878579
-0.8847703
-0.8817850
-0.8788987
-0.8761088
-0.8734123
-0.8708065
-0.8682885
-0.8658559
-0.8635059
-0.8612359
-0.8590435
-0.8569262
-0.8548814
-0.8529069
-0.8510004
-0.8491594
-0.8473820
-0.8456658
-0.8440088
-0.8424089
-0.8408640
-0.8393723
-0.8379318
-0.8365406
-0.8351969
-0.8338990
-0.8326451
-0.8314336
-0.8302628
-0.8291312
-0.8280372
-0.8269795
-0.8259565
-0.8249668
-0.8240092
-0.8230824
-0.8221851
-0.8213162
-0.8204745
-0.8196589
-0.8188685
-0.8181021
-0.8173589
-0.8166377
-0.8159377
-0.8152579
-0.8145975
-0.8139557
-0.8133318
